reference : mx-impassable-n8-s2-focal5mlp_curious_26-08-31-23-18-20  (mx-impassable-n8-s2-focal5mlp_curious_26-08-31-23-18-20)  state=finished
run       : mx-impassable-n8-s3-focal5mlp_curious_26-08-31-23-18-28  (mx-impassable-n8-s3-focal5mlp_curious_26-08-31-23-18-28)  state=finished

env-step axis: reference to 89,980,928, run to 89,980,928

multiroom/mean_room_sRSA  band +/-0.0593
  env step                  12,508,534  25,017,068  37,525,602  50,034,135  62,542,669  75,051,203
  reference                     0.5299      0.6914      0.6914      0.7567      0.7844      0.7912
  run                           0.5966      0.6920      0.6920      0.7228      0.7535      0.7404
  delta                        0.0667*     0.0007     0.0007    -0.0339    -0.0309    -0.0508

multiroom/pooled_sRSA     band +/-0.0293
  env step                  12,508,534  25,017,068  37,525,602  50,034,135  62,542,669  75,051,203
  reference                     0.3162      0.3620      0.3620      0.4344      0.4303      0.4445
  run                           0.3318      0.4061      0.4061      0.4301      0.4146      0.3953
  delta                        0.0156     0.0441*     0.0441*    -0.0043    -0.0157    -0.0492*

multiroom/pooled_SWdist   band +/-0.0191
  env step                  12,508,534  25,017,068  37,525,602  50,034,135  62,542,669  75,051,203
  reference                     0.0315      0.0546      0.0546      0.0829      0.0621      0.0713
  run                           0.0318      0.0665      0.0665      0.0591      0.1252      0.1010
  delta                        0.0003     0.0119     0.0119    -0.0237*     0.0632*     0.0296*

pRNN loss                 band +/-0.0197
  env step                  14,996,500  29,993,000  44,989,500  59,986,000  74,982,500  89,979,000
  reference                     0.0952      0.0245      0.0185      0.0173      0.0114      0.0112
  run                           0.0746      0.0232      0.0190      0.0170      0.0156      0.0096
  delta                       -0.0207*    -0.0014     0.0005    -0.0003     0.0042    -0.0016

MI_policy                 band +/-0.0028
  env step                  14,996,821  29,993,643  44,990,464  59,987,285  74,984,107  89,980,928
  reference                     0.0223      0.0486      0.0410      0.0348      0.0377      0.0502
  run                           0.0257      0.0370      0.0325      0.0334      0.0367      0.0403
  delta                        0.0034*    -0.0116*    -0.0085*    -0.0014    -0.0010    -0.0099*

loc_entropy               band +/-0.0425
  env step                  14,996,821  29,993,643  44,990,464  59,987,285  74,984,107  89,980,928
  reference                     7.2235      7.2032      7.2432      7.2919      7.2510      7.2878
  run                           7.1910      7.2327      7.1634      7.2427      7.2548      7.2689
  delta                       -0.0325     0.0295    -0.0798*    -0.0492*     0.0038    -0.0189

policy_entropy            band +/-0.0157
  env step                  14,996,821  29,993,643  44,990,464  59,987,285  74,984,107  89,980,928
  reference                     1.8571      1.7786      1.7876      1.7519      1.6428      1.6909
  run                           1.8288      1.8181      1.7747      1.7833      1.7072      1.7273
  delta                       -0.0283*     0.0394*    -0.0129     0.0315*     0.0644*     0.0364*

exploration/nauc          band +/-0.0058
  env step                  14,996,821  29,993,643  44,990,464  59,987,285  74,984,107  89,980,928
  reference                     0.1172      0.1518      0.1487      0.1498      0.1504      0.1407
  run                           0.1091      0.1378      0.1491      0.1393      0.1433      0.1353
  delta                       -0.0081*    -0.0140*     0.0004    -0.0105*    -0.0070*    -0.0054


* = outside the reference's own adjacent-sample band. 23 of 48 matched points.
wrote /home/sabrina/Documents/experiments/RL_for_pRNN/outputs/summary/wandb_compare_seed-control.json
