reference : mx-impassable-n8-s2-focal5mlp_curious_26-08-31-23-18-20  (mx-impassable-n8-s2-focal5mlp_curious_26-08-31-23-18-20)  state=finished
run       : clean-sept-mx-impassable-n8-s2-focal5mlp_curious_26-09-07-05-16-40  (clean-sept-mx-impassable-n8-s2-focal5mlp_curious_26-09-07-05-16-40)  state=finished

env-step axis: reference to 89,980,928, run to 89,980,928

multiroom/mean_room_sRSA  band +/-0.0593
  env step                  12,508,318  25,016,636  37,524,955  50,033,273  62,541,591  75,049,909
  reference                     0.5299      0.6914      0.6914      0.7567      0.7844      0.7912
  run                           0.5704      0.7124      0.7124      0.7398      0.7952      0.7956
  delta                        0.0406     0.0211     0.0211    -0.0169     0.0108     0.0044

multiroom/pooled_sRSA     band +/-0.0293
  env step                  12,508,318  25,016,636  37,524,955  50,033,273  62,541,591  75,049,909
  reference                     0.3162      0.3620      0.3620      0.4344      0.4303      0.4445
  run                           0.3070      0.4228      0.4228      0.4651      0.4565      0.4322
  delta                       -0.0092     0.0607*     0.0607*     0.0307*     0.0262    -0.0123

multiroom/pooled_SWdist   band +/-0.0191
  env step                  12,508,318  25,016,636  37,524,955  50,033,273  62,541,591  75,049,909
  reference                     0.0315      0.0546      0.0546      0.0829      0.0621      0.0713
  run                           0.0812      0.0890      0.0890      0.1319      0.0694      0.0871
  delta                        0.0497*     0.0345*     0.0345*     0.0490*     0.0073     0.0158

pRNN loss                 band +/-0.0197
  env step                  14,996,490  29,992,981  44,989,471  59,985,961  74,982,452  89,978,942
  reference                     0.0952      0.0245      0.0185      0.0173      0.0114      0.0112
  run                           0.0799      0.0277      0.0149      0.0164      0.0152      0.0111
  delta                       -0.0153     0.0032    -0.0036    -0.0009     0.0038    -0.0001

MI_policy                 band +/-0.0028
  env step                  14,996,821  29,993,643  44,990,464  59,987,285  74,984,107  89,980,928
  reference                     0.0223      0.0486      0.0410      0.0348      0.0377      0.0502
  run                           0.0227      0.0354      0.0347      0.0340      0.0477      0.0365
  delta                        0.0004    -0.0132*    -0.0064*    -0.0007     0.0100*    -0.0137*

loc_entropy               band +/-0.0425
  env step                  14,996,821  29,993,643  44,990,464  59,987,285  74,984,107  89,980,928
  reference                     7.2235      7.2032      7.2432      7.2919      7.2510      7.2878
  run                           7.2334      7.2256      7.2990      7.2447      7.2837      7.2373
  delta                        0.0099     0.0225     0.0558*    -0.0473*     0.0327    -0.0505*

policy_entropy            band +/-0.0157
  env step                  14,996,821  29,993,643  44,990,464  59,987,285  74,984,107  89,980,928
  reference                     1.8571      1.7786      1.7876      1.7519      1.6428      1.6909
  run                           1.8232      1.7992      1.7630      1.7667      1.7350      1.7108
  delta                       -0.0339*     0.0205*    -0.0246*     0.0149     0.0922*     0.0198*

cur_reward_mean           band +/-2.4677
  env step                  14,996,821  29,993,643  44,990,464  59,987,285  74,984,107  89,980,928
  reference                    35.3080     27.3428     22.6535     20.8326     22.1223     19.2439
  run                          35.9524     25.2284     22.4601     20.1954     19.7216     18.6282
  delta                        0.6444    -2.1145    -0.1933    -0.6372    -2.4007    -0.6157

exploration/coverage      band +/-0.0106
  env step                  14,996,821  29,993,643  44,990,464  59,987,285  74,984,107  89,980,928
  reference                     0.2017      0.2674      0.2589      0.2615      0.2619      0.2496
  run                           0.1816      0.2670      0.2516      0.2621      0.2306      0.2561
  delta                       -0.0201*    -0.0004    -0.0074     0.0006    -0.0314*     0.0065

exploration/nauc          band +/-0.0058
  env step                  14,996,821  29,993,643  44,990,464  59,987,285  74,984,107  89,980,928
  reference                     0.1172      0.1518      0.1487      0.1498      0.1504      0.1407
  run                           0.1034      0.1525      0.1419      0.1509      0.1325      0.1468
  delta                       -0.0138*     0.0007    -0.0068*     0.0011    -0.0178*     0.0062*


* = outside the reference's own adjacent-sample band. 25 of 60 matched points.
wrote /home/sabrina/Documents/experiments/RL_for_pRNN/outputs/summary/wandb_compare_clean-sept-multienv.json
