reference : pRNN_curious_26-07-23-10-06-25  (pRNN_curious_26-07-23-10-06-25)  state=finished
run       : pRNN_curious_26-09-08-00-07-29  (pRNN_curious_26-09-08-00-07-29)  state=finished

env-step axis: reference to 20,480,000, run to 20,480,000

sRSA_onPolicy     band +/-0.0795
  env step           2,560,000   5,120,000   7,680,000  10,240,000  12,800,000  15,360,000  17,920,000  20,480,000
  reference             0.4007      0.5208      0.5089      0.6001      0.5533      0.6183      0.5941      0.5284
  run                   0.6083      0.5136      0.6390      0.5818      0.5376      0.4675      0.5598      0.5790
  delta                0.2076*    -0.0072     0.1301*    -0.0183    -0.0158    -0.1508*    -0.0343     0.0506

SWdist_onPolicy   band +/-0.0219
  env step           2,560,000   5,120,000   7,680,000  10,240,000  12,800,000  15,360,000  17,920,000  20,480,000
  reference             0.0293      0.0561      0.0565      0.1489      0.1047      0.0715      0.1421      0.1341
  run                   0.1036      0.1233      0.1845      0.0822      0.1857      0.1098      0.1907      0.2406
  delta                0.0742*     0.0672*     0.1280*    -0.0667*     0.0809*     0.0384*     0.0486*     0.1066*

mean SI_onPolicy  band +/-0.2153
  env step           2,560,000   5,120,000   7,680,000  10,240,000  12,800,000  15,360,000  17,920,000  20,480,000
  reference             0.6552      0.8019      1.0009      0.8164      1.0475      0.9614      0.9036      0.9470
  run                   0.9091      0.8473      0.9819      0.9153      1.0297      0.9412      0.9466      0.9923
  delta                0.2539*     0.0454    -0.0190     0.0989    -0.0178    -0.0202     0.0430     0.0453

pRNN loss         band +/-0.0014
  env step           2,559,949   5,119,898   7,679,846  10,239,795  12,799,744  15,359,693  17,919,642  20,479,590
  reference             0.0104      0.0084      0.0078      0.0058      0.0056      0.0051      0.0057      0.0049
  run                   0.0296      0.0227      0.0186      0.0166      0.0149      0.0141      0.0146      0.0124
  delta                0.0192*     0.0144*     0.0108*     0.0108*     0.0093*     0.0090*     0.0089*     0.0075*

MI_policy         band +/-0.0319
  env step           2,560,000   5,120,000   7,680,000  10,240,000  12,800,000  15,360,000  17,920,000  20,480,000
  reference             0.1838      0.1756      0.3001      0.2477      0.2779      0.2283      0.3287      0.2977
  run                   0.2979      0.2203      0.2367      0.2316      0.2195      0.3186      0.2534      0.2645
  delta                0.1141*     0.0447*    -0.0634*    -0.0161    -0.0584*     0.0903*    -0.0754*    -0.0332*

loc_entropy       band +/-0.2600
  env step           2,560,000   5,120,000   7,680,000  10,240,000  12,800,000  15,360,000  17,920,000  20,480,000
  reference             6.5643      6.6834      6.4311      6.7327      6.9331      6.3281      6.6677      6.4425
  run                   6.3296      6.2593      6.4813      6.5505      6.4132      6.8546      6.6115      6.0340
  delta               -0.2347    -0.4241*     0.0502    -0.1822    -0.5199*     0.5266*    -0.0562    -0.4085*

policy_entropy    band +/-0.0451
  env step           2,560,000   5,120,000   7,680,000  10,240,000  12,800,000  15,360,000  17,920,000  20,480,000
  reference             1.6782      1.5273      1.4961      1.5062      1.3966      1.4304      1.3325      1.3276
  run                   1.5042      1.5119      1.4520      1.4742      1.4845      1.3627      1.4417      1.3370
  delta               -0.1740*    -0.0154    -0.0442    -0.0320     0.0878*    -0.0677*     0.1092*     0.0094

cur_reward_mean   band +/-0.0010
  env step           2,560,000   5,120,000   7,680,000  10,240,000  12,800,000  15,360,000  17,920,000  20,480,000
  reference             0.0109      0.0081      0.0073      0.0071      0.0060      0.0057      0.0052      0.0049
  run                   0.0292      0.0228      0.0194      0.0185      0.0160      0.0149      0.0166      0.0125
  delta                0.0183*     0.0147*     0.0121*     0.0114*     0.0101*     0.0092*     0.0114*     0.0076*


* = outside the reference's own adjacent-sample band. 43 of 64 matched points.
wrote /home/sabrina/Documents/experiments/RL_for_pRNN/outputs/summary/wandb_compare_reference-clean.json
