reference : mx-impassable-n8-s2-focal5mlp_curious_26-08-31-23-18-20  (mx-impassable-n8-s2-focal5mlp_curious_26-08-31-23-18-20)  state=finished
run       : mx-impassable-n8-s2-focal5mlp-clean_curious_26-09-07-22-41-46  (mx-impassable-n8-s2-focal5mlp-clean_curious_26-09-07-22-41-46)  state=finished

env-step axis: reference to 89,980,928, run to 89,980,928

multiroom/mean_room_sRSA  band +/-0.0593
  env step                  12,508,318  25,016,636  37,524,955  50,033,273  62,541,591  75,049,909
  reference                     0.5299      0.6914      0.6914      0.7567      0.7844      0.7912
  run                           0.5852      0.6999      0.6999      0.7774      0.8031      0.7839
  delta                        0.0553     0.0085     0.0085     0.0207     0.0186    -0.0074

multiroom/pooled_sRSA     band +/-0.0293
  env step                  12,508,318  25,016,636  37,524,955  50,033,273  62,541,591  75,049,909
  reference                     0.3162      0.3620      0.3620      0.4344      0.4303      0.4445
  run                           0.2398      0.4088      0.4088      0.4624      0.4483      0.4263
  delta                       -0.0764*     0.0467*     0.0467*     0.0279     0.0181    -0.0182

multiroom/pooled_SWdist   band +/-0.0191
  env step                  12,508,318  25,016,636  37,524,955  50,033,273  62,541,591  75,049,909
  reference                     0.0315      0.0546      0.0546      0.0829      0.0621      0.0713
  run                           0.0631      0.0550      0.0550      0.0489      0.0766      0.0884
  delta                        0.0316*     0.0005     0.0005    -0.0340*     0.0145     0.0171

pRNN loss                 band +/-0.0197
  env step                  14,996,490  29,992,981  44,989,471  59,985,961  74,982,452  89,978,942
  reference                     0.0952      0.0245      0.0185      0.0173      0.0114      0.0112
  run                           0.0716      0.0300      0.0211      0.0135      0.0164      0.0123
  delta                       -0.0236*     0.0055     0.0026    -0.0039     0.0050     0.0011

MI_policy                 band +/-0.0028
  env step                  14,996,821  29,993,643  44,990,464  59,987,285  74,984,107  89,980,928
  reference                     0.0223      0.0486      0.0410      0.0348      0.0377      0.0502
  run                           0.0138      0.0337      0.0305      0.0346      0.0417      0.0442
  delta                       -0.0085*    -0.0149*    -0.0105*    -0.0001     0.0040*    -0.0060*

loc_entropy               band +/-0.0425
  env step                  14,996,821  29,993,643  44,990,464  59,987,285  74,984,107  89,980,928
  reference                     7.2235      7.2032      7.2432      7.2919      7.2510      7.2878
  run                           7.2052      7.1482      7.1932      7.1708      7.1927      7.3123
  delta                       -0.0183    -0.0549*    -0.0500*    -0.1212*    -0.0583*     0.0245

policy_entropy            band +/-0.0157
  env step                  14,996,821  29,993,643  44,990,464  59,987,285  74,984,107  89,980,928
  reference                     1.8571      1.7786      1.7876      1.7519      1.6428      1.6909
  run                           1.8775      1.7941      1.7692      1.7433      1.7039      1.6895
  delta                        0.0204*     0.0155    -0.0184*    -0.0086     0.0611*    -0.0014

cur_reward_mean           band +/-2.4677
  env step                  14,996,821  29,993,643  44,990,464  59,987,285  74,984,107  89,980,928
  reference                    35.3080     27.3428     22.6535     20.8326     22.1223     19.2439
  run                          40.0876     26.5023     22.2127     20.6353     19.0352     18.1191
  delta                        4.7796*    -0.8405    -0.4407    -0.1973    -3.0871*    -1.1249

exploration/nauc          band +/-0.0058
  env step                  14,996,821  29,993,643  44,990,464  59,987,285  74,984,107  89,980,928
  reference                     0.1172      0.1518      0.1487      0.1498      0.1504      0.1407
  run                           0.1167      0.1467      0.1371      0.1580      0.1559      0.1533
  delta                       -0.0005    -0.0051    -0.0116*     0.0082*     0.0055     0.0126*


* = outside the reference's own adjacent-sample band. 23 of 54 matched points.
wrote /home/sabrina/Documents/experiments/RL_for_pRNN/outputs/summary/wandb_compare_focal5mlp-clean.json
