reference : parity-s2-mseB_curious_26-08-31-01-32-31  (parity-s2-mseB_curious_26-08-31-01-32-31)  state=finished
run       : parity-s2-mse-clean_curious_26-09-09-12-59-04  (parity-s2-mse-clean_curious_26-09-09-12-59-04)  state=finished

env-step axis: reference to 89,980,928, run to 89,980,928

pRNN loss         band +/-0.0022
  env step          11,247,368  22,494,736  33,742,103  44,989,471  56,236,839  67,484,207  78,731,574  89,978,942
  reference             0.0301      0.0219      0.0181      0.0138      0.0148      0.0127      0.0127      0.0109
  run                   0.0291      0.0212      0.0175      0.0161      0.0169      0.0138      0.0123      0.0123
  delta               -0.0010    -0.0007    -0.0006     0.0023*     0.0021     0.0011    -0.0005     0.0014

cur_reward_mean   band +/-0.0023
  env step          11,247,616  22,495,232  33,742,848  44,990,464  56,238,080  67,485,696  78,733,312  89,980,928
  reference             0.0292      0.0224      0.0185      0.0162      0.0151      0.0132      0.0121      0.0116
  run                   0.0304      0.0227      0.0181      0.0160      0.0147      0.0141      0.0128      0.0117
  delta                0.0012     0.0003    -0.0004    -0.0001    -0.0004     0.0009     0.0007     0.0001

sRSA_onPolicy     band +/-0.1245
  env step          10,862,802  21,725,604  32,588,406  43,451,208  54,314,010  65,176,812  76,039,614  86,902,416
  reference             0.3962      0.5843      0.6189      0.5678      0.8121      0.6877      0.5870      0.6524
  run                   0.4805      0.6170      0.5358      0.6093      0.7526      0.6116      0.6190      0.6067
  delta                0.0843     0.0326    -0.0831     0.0415    -0.0595    -0.0761     0.0320    -0.0457

SWdist_onPolicy   band +/-0.1211
  env step          10,862,802  21,725,604  32,588,406  43,451,208  54,314,010  65,176,812  76,039,614  86,902,416
  reference             0.0471      0.0630      0.1797      0.0700      0.1275      0.0946      0.1812      0.1055
  run                   0.0512      0.1102      0.2214      0.1841      0.3540      0.2265      0.1578      0.2033
  delta                0.0040     0.0472     0.0417     0.1141     0.2266*     0.1319*    -0.0233     0.0977

mean SI_onPolicy  band +/-0.2468
  env step          10,862,802  21,725,604  32,588,406  43,451,208  54,314,010  65,176,812  76,039,614  86,902,416
  reference             0.8849      0.8935      0.9223      0.9710      0.9290      0.9755      0.9935      0.9964
  run                   0.7966      0.9845      0.9755      0.9556      1.1725      0.9646      0.9832      0.9742
  delta               -0.0883     0.0910     0.0532    -0.0154     0.2435    -0.0109    -0.0103    -0.0223

MI_policy         band +/-0.0078
  env step          11,247,616  22,495,232  33,742,848  44,990,464  56,238,080  67,485,696  78,733,312  89,980,928
  reference             0.1038      0.1161      0.0938      0.1092      0.0860      0.0880      0.0800      0.0745
  run                   0.1038      0.0934      0.1022      0.1066      0.1108      0.0862      0.0857      0.0973
  delta               -0.0000    -0.0227*     0.0084*    -0.0027     0.0248*    -0.0017     0.0057     0.0228*

loc_entropy       band +/-0.1006
  env step          11,247,616  22,495,232  33,742,848  44,990,464  56,238,080  67,485,696  78,733,312  89,980,928
  reference             7.1193      7.2858      7.1375      7.1585      7.1016      6.8775      6.9072      7.1239
  run                   7.2417      6.9658      7.1920      6.8619      7.2102      7.2598      7.2849      7.2702
  delta                0.1224*    -0.3200*     0.0545    -0.2967*     0.1086*     0.3823*     0.3777*     0.1463*

policy_entropy    band +/-0.0108
  env step          11,247,616  22,495,232  33,742,848  44,990,464  56,238,080  67,485,696  78,733,312  89,980,928
  reference             1.7939      1.7655      1.7919      1.7668      1.7906      1.7950      1.7952      1.7899
  run                   1.7933      1.8002      1.7954      1.7771      1.7752      1.7957      1.7959      1.7615
  delta               -0.0005     0.0347*     0.0036     0.0103    -0.0154*     0.0007     0.0007    -0.0284*


* = outside the reference's own adjacent-sample band. 17 of 64 matched points.
wrote /home/sabrina/Documents/experiments/RL_for_pRNN/outputs/summary/wandb_compare_parity-clean-cluster.json
