reference : parity-s2-mseB_curious_26-08-31-01-32-31  (parity-s2-mseB_curious_26-08-31-01-32-31)  state=finished
run       : clean-sept-parity-s2-mseB_curious_26-09-07-04-51-25  (clean-sept-parity-s2-mseB_curious_26-09-07-04-51-25)  state=finished

env-step axis: reference to 89,980,928, run to 89,980,928

sRSA_onPolicy     band +/-0.1245
  env step          10,862,820  21,725,639  32,588,459  43,451,278  54,314,098  65,176,917  76,039,737  86,902,556
  reference             0.3962      0.5843      0.6189      0.5678      0.8121      0.6877      0.5870      0.6524
  run                   0.5770      0.5722      0.6609      0.6466      0.5721      0.6187      0.6562      0.5831
  delta                0.1807*    -0.0121     0.0420     0.0788    -0.2400*    -0.0690     0.0692    -0.0693

SWdist_onPolicy   band +/-0.1211
  env step          10,862,820  21,725,639  32,588,459  43,451,278  54,314,098  65,176,917  76,039,737  86,902,556
  reference             0.0471      0.0630      0.1797      0.0700      0.1275      0.0946      0.1812      0.1055
  run                   0.0709      0.1380      0.1306      0.1440      0.1359      0.1691      0.2042      0.1746
  delta                0.0238     0.0750    -0.0491     0.0739     0.0084     0.0745     0.0230     0.0691

mean SI_onPolicy  band +/-0.2468
  env step          10,862,820  21,725,639  32,588,459  43,451,278  54,314,098  65,176,917  76,039,737  86,902,556
  reference             0.8849      0.8935      0.9223      0.9710      0.9290      0.9755      0.9935      0.9964
  run                   0.8624      0.8966      0.9378      0.9210      1.0245      1.0126      0.9976      1.1461
  delta               -0.0225     0.0030     0.0155    -0.0500     0.0955     0.0371     0.0041     0.1497

pRNN loss         band +/-0.0022
  env step          11,247,368  22,494,736  33,742,103  44,989,471  56,236,839  67,484,207  78,731,574  89,978,942
  reference             0.0301      0.0219      0.0181      0.0138      0.0148      0.0127      0.0127      0.0109
  run                   0.0291      0.0215      0.0179      0.0160      0.0139      0.0124      0.0116      0.0119
  delta               -0.0011    -0.0004    -0.0002     0.0022    -0.0009    -0.0003    -0.0011     0.0010

MI_policy         band +/-0.0078
  env step          11,247,616  22,495,232  33,742,848  44,990,464  56,238,080  67,485,696  78,733,312  89,980,928
  reference             0.1038      0.1161      0.0938      0.1092      0.0860      0.0880      0.0800      0.0745
  run                   0.1402      0.1085      0.0886      0.0883      0.0825      0.0855      0.0846      0.0938
  delta                0.0364*    -0.0076    -0.0052    -0.0209*    -0.0035    -0.0025     0.0046     0.0192*

loc_entropy       band +/-0.1006
  env step          11,247,616  22,495,232  33,742,848  44,990,464  56,238,080  67,485,696  78,733,312  89,980,928
  reference             7.1193      7.2858      7.1375      7.1585      7.1016      6.8775      6.9072      7.1239
  run                   7.1370      7.2483      7.0842      6.8387      7.2118      7.0913      7.1848      7.0984
  delta                0.0177    -0.0375    -0.0533    -0.3198*     0.1102*     0.2137*     0.2776*    -0.0255

policy_entropy    band +/-0.0108
  env step          11,247,616  22,495,232  33,742,848  44,990,464  56,238,080  67,485,696  78,733,312  89,980,928
  reference             1.7939      1.7655      1.7919      1.7668      1.7906      1.7950      1.7952      1.7899
  run                   1.7441      1.7760      1.8051      1.7964      1.7975      1.7975      1.7836      1.7963
  delta               -0.0498*     0.0105     0.0133*     0.0296*     0.0069     0.0025    -0.0116*     0.0064

cur_reward_mean   band +/-0.0023
  env step          11,247,616  22,495,232  33,742,848  44,990,464  56,238,080  67,485,696  78,733,312  89,980,928
  reference             0.0292      0.0224      0.0185      0.0162      0.0151      0.0132      0.0121      0.0116
  run                   0.0306      0.0215      0.0181      0.0170      0.0142      0.0129      0.0124      0.0116
  delta                0.0014    -0.0008    -0.0004     0.0008    -0.0009    -0.0003     0.0002     0.0000

not logged by one side (cannot be compared):
  sRSA_offPolicy  - absent from the reference
  SWdist_offPolicy  - absent from the reference

* = outside the reference's own adjacent-sample band. 13 of 64 matched points.
wrote /home/sabrina/Documents/experiments/RL_for_pRNN/outputs/summary/wandb_compare_clean-sept-parity.json
